-9970843.39362
-7806253.62445
-7757037.90701
-9013564.23161
-7091777.8811
-10159456.5046
-10816169.1818
-6428207.06153
-8651736.81359
-10023625.4591
-7214128.59834
-11312881.8699
-6547176.51078
-6348854.92429
-7567544.70172
-7625935.24745
-8745447.08017
-6868857.43055
-11013407.595
-5928630.44026
-7119403.63285
-7680572.62623
-7805509.65402
-6335652.24747
-3147479.16001
-7715744.98975
-7833200.73512
-8433602.24413
-7032225.33341
-6231639.45208
-9198165.4643
-2737998.88567
-6560549.4004
-7474927.05507
-7954124.41496
-7851996.10927
-9382625.06612
-6420253.15267
-8264623.65385
-7284231.41798
-10257441.9496
-6781511.21399
-6887216.2576
-7071194.1858
-9067246.23872
-6824233.70122
-7344342.71389
-9390939.36083
-8557754.10773
-7825236.71663
-7258643.18561
-7804824.60714
-4151985.12645
-7537552.95726
-9515973.14217
-9413441.25385
-10881446.6647
-4480731.90676
-10517539.8858
-7388026.27869
-4812078.58484
-5290247.08352
-6764022.18177
-6082026.92788
-7146676.63517
-9743466.99127
-7467074.33591
-10259727.7731
-4055810.7957
-7135930.62704
-8083569.52994
-9495428.61363
-4843556.01925
-5308773.85753
-7051765.94308
-9484940.86251
-7071333.59366
-8327613.42558
-3179458.24393
-9381360.48004
-6552507.07514
-9863387.28498
-7672855.57384
-8315497.65165
-8442776.31168
-6751439.66212
-7611340.63802
-8748844.67755
-10470956.025
-3547290.10936
-3887728.90418
-10417954.137
-7337103.61138
-6974108.15823
-5328955.89723
-7699877.94161
-3253249.99939
-8302052.51407
-7852652.80024
-9236316.02658
-8092062.6312
-6524180.9028
-10845648.8965
-10203548.7574
-7548710.19741
-7178008.36164
-6960825.99151
-9090519.19441
-6893590.10749
-11372019.8868
-7120747.05186
-4748822.41108
-6961551.23716
-8126240.5673
-9035863.23988
-8575472.7918
-8495248.04418
-5154872.05911
-7032585.69565
-8988778.05486
-7230208.74012
-6165786.10383
-6948738.86113
-7489512.25035
-10254495.0276
-8332220.21478
-7183534.61961
-8164345.58837
-8960291.28713
-7232627.43287
-8737981.35197
-1879483.90601
-6911293.05111
-9996476.24931
-6983974.39424
-11098020.5121
-8273029.35677
-8515368.04206
-10487278.2671
-8918178.32381
-7521250.26588
-7470416.73127
-7467463.22282
-2774162.47766
-10298330.2895
-6683713.50604
-7383085.9404
-7671285.94512
-8038888.00496
-7270985.64886
-6138956.37299
-8710867.65009
-5082351.88616
-10165560.9016
-7089846.6018
-10509918.5882
-6716182.80562
-4600100.0768
-3563906.23791
-8219087.89255
-6813689.02448
-6731515.0175
-6525213.7295
-8588323.45193
-8270438.10265
-9052737.03029
-9023667.15387
-11300913.3144
-6530920.63563
-6886051.83785
-9317771.50484
-9466847.2573
-8434209.53187
-9849699.30827
-9513714.47936
-8972271.29251
-9321759.40872
-8604954.47618
-9770526.53198
-10085079.9355
-8121527.32942
-10458245.4244
-6546460.20976
-10436757.4946
-7238242.56995
-7290899.56262
-10176517.2781
-9387652.59249
-7687348.82492
-5768991.90588
-10812271.2005
-6983464.22015
-8064518.12854
-9335957.7967
-10333388.4342
-7053865.22927
-7441787.31641
-7542881.67412
-8228548.77526
-6660289.96907
-6631200.61568
-6893023.82095
-6912852.12524
-7149944.03499
-6992236.93432
-7787335.9085
-7060642.78551
-8239247.86009
-7508911.67395
-9663561.54903
-7700931.01488
-7288344.14038
-8824817.78077
-5959586.74629
-10675682.7397
-7194692.18216
-7031623.566
-6708499.08802
-10347391.9169
-7849951.15524
-7187604.64952
-8284787.66393
-6740854.29602
-5989603.69068
-9785478.65616
-7577775.58859
-2891379.95758
-7411268.65603
-9481768.62981
-5915043.88749
-7141152.01322
-6015162.92366
-10050614.2647
-6904920.68877
-7078367.40081
-10700691.8454
-7629951.66766
-7074312.46396
-6724742.69192
-5464661.55716
-6786558.25002
-6441591.02069
-7768704.26218
-3813744.08287
-11472250.5316
-5107276.19872
-4172076.95597
-986820.197359
-6192652.83733
-3092745.37654
-2033970.76988
-7870984.35243
-5809807.4324
-6843104.40356
-5276248.54919
-7249176.53632
-10318272.8522
-4788859.62919
-6949588.11426
-5044629.51916
-6589458.15212
-5982569.62311
-6821556.40248
-6558097.22747
-7516360.71932
-5233387.95816
-3925335.547
-8424614.27734
-6315219.23781
-11030096.5649
-6720635.7824
-11214737.3206
-6336749.92423
-11139430.4104
-10251427.9294
-7501651.6173
-8406774.6073
-6631940.69415
-6259952.40206
-10557481.7571
-6981305.33265
-6200212.28351
-10530732.6218
-5451967.55691
-5085470.44547
-4739223.21901
-5028616.20353
-7196539.48191
-6387951.61215
-3798321.75464
-6951867.31809
-3284329.8066
-5889396.56939
-10415024.0944
-7199965.31466
-7630949.97738
-2801853.53971
-6814035.67141
-6508459.89774
-4950101.07657
-4145956.05102
-7655113.52372
-10195445.9537
-3847153.31738
-4144392.1059
-4217039.41006
-6302900.42137
-8473508.56154
-4767390.07412
-3146390.84924
-4123274.68708
-8144573.00971
-7659757.67337
-5303129.68723
-7452250.55928
-5499054.58513
-9671608.7992
-8589655.71794
-6171301.35829
-4114719.73546
-5953673.12846
-8797598.65519
-9085589.55644
-6765277.82974
-2002703.83782
-6892866.34446
-3922327.11838
-8356167.25791
-4250257.22819
-7692864.83625
-2311341.75122
-6083646.90396
-11063778.0371
-5353945.98241
-9271366.44941
-8812384.56075
-3720561.00261
-4103564.82117
-4654520.05383
-8630089.5783
-5792438.19947
-6349568.66363
-3413765.02713
-6446803.901
-7292910.43163
-2936081.4472
-4990017.13584
-10191667.1069
-4644046.86057
-5660926.87568
-4128936.62449
-4395473.29369
-9747984.14626
-8164656.38392
-3197429.78578
-10475502.0129
-7589378.39778
-2925043.9005
-6849255.22749
-5189088.66492
-5168514.45803
-8472229.57126
-4631967.25271
-4240879.43606
-3981894.38997
-5125645.36612
-4802697.20056
-4363075.35607
-7317752.03093
-4147546.09475
-6532358.41656
-8871731.56586
-5721611.14828
-4214849.00099
-5145937.02155
-8940346.45849
-9015363.96623
-4904275.08159
-4829435.18351
-5659667.0149
-8767155.36496
-7510554.27539
-2959996.36726
-8413060.26806
-4316679.679
-6623835.07381
-5674288.77692
-5072189.83691
-7393796.13487
-9185448.95753
-7061960.66084
-3855781.76311
-3746181.67605
-9473190.60536
-3455164.24859
-9034468.01599
-8508027.06487
-8806360.7995
-6677443.87673
-7966701.89477
-7959929.45505
-2497429.5308
-9522327.566
-7230081.34376
-8871126.17146
-4091985.83491
-8856981.89276
-8388782.43118
-6534712.69575
-8634271.24894
-4246086.63292
-5735760.23789
-8063510.29602
-7996320.87484
-6652954.782
-9344210.53307
-5802643.6069
-9283888.63802
-4381667.0485
-5294764.10651
-7510973.12006
-6717011.21354
-5080219.82775
-7553664.18983
-9291662.391
-8166830.10901
-6482464.81676
-8968713.9812
-8385504.86813
-7136430.33804
-5423903.571
-5428160.11595
-10159297.4021
-9264685.84074
-6042902.81263
-4886670.45696
-6626459.48417
-9664167.62323
-4650379.5629
-3682891.90541
-7592602.66718
-5819544.53864
-6788263.58522
-9114827.22596
-7645302.27085
-4061165.96746
-5549831.63413
-4739456.04498
-4042269.53291
-5574403.61766
-7551115.99598
-6228313.80359
-6257407.28702
-5305617.41945
-10196948.1179
-5187848.33988
-5342920.07439
-4687862.91893
-9373669.1456
-10008620.1207
-8587159.24959
-6524530.81019
-4592245.32817
-5328505.10858
-4315758.90533
-6009294.50389
-5987488.25973
-8173649.19101
-6195324.93061
-8650824.91129
-6730592.16171
-3541777.60733
-6027311.75436
-8874067.66343
-6522163.5277
-9017689.12294
-8254585.90952
-7157624.89437
-4708252.11412
-5619256.49486
-5545202.05403
-6321775.35859
-6223702.60466
-8856329.56793
-4724729.62546
-7096407.74094
-8935214.48932
-7465540.84595
-7482584.62845
-5567006.61136
-7468243.18461
-7164756.4563
-8581937.6538
-6204763.26166
-3532634.44488
-5282312.88082
-10569330.7792
-7199697.94308
-8570129.83405
-3534122.59989
-9033047.93337
-7502479.11715
-6080470.32875
-5886168.31644
-5101969.2605
-7600138.14939
-7728716.89195
-9384998.71913
-10862944.6799
-6770249.35159
-8935202.16073
-4067825.44403
-6971769.88528
-7068185.51618
-3375239.60988
-9521199.58506
-10237121.0614
-7623951.70323
-9337259.54381
-2833452.04485
-6698120.58021
-10714763.8409
-5476871.86702
-5111081.44771
-5370327.29752
-9160438.99073
-9066571.09617
-8920326.39186
-5899670.31633
-5625626.99904
-8518692.05833
-9427699.07078
-8188983.55098
-6561343.47044
-3751309.85755
-8227899.01754
-8987279.4913
-10594474.7146
-9607127.8009
-10057093.1975
-8600704.85912
-9706095.58559
-7878478.74222
-9665290.91868
-8211791.69881
-7343615.1101
-10042086.9266
-9911252.54962
-10705862.7379
-7237141.0047
-9423613.47941
-5161463.77512
-7760654.3442
-6977027.4513
-9823591.84738
-8967458.35045
-7351073.60072
-8276305.7288
-7335755.89151
-7475117.67958
-10059930.4022
-6764829.11191
-9030394.49359
-7708504.81109
-7094489.5314
-7124369.92977
-10863956.6919
-7904329.60904
-5394582.11733
-7422647.16001
-9940549.96059
-7976167.67491
-10045331.5612
-7590560.61985
-7875928.95023
-7947708.79299
-5496160.71893
-5350953.14339
-8296131.04108
-9997962.32206
-9603579.98764
-7780451.78657
-7345639.54251
-7239821.5875
-7543787.93216
-7547100.36495
-10193584.9532
-6979224.92301
-9442852.79602
-7048938.39185
-8142397.32399
-7183470.95983
-7413476.91186
-7890236.61845
-5907300.37162
-7441548.35709
-7717843.14996
-8719836.78496
-10126738.673
-7596392.28478
-7056761.95668
-9809539.83402
-8068213.35747
-5915629.15331
-7519139.0647
-8635617.37542
-9397587.87137
-8608273.01719
-9787081.64574
-7223900.43903
-7345605.90426
-10120521.554
-9698856.71359
-7000265.2513
-2009027.00281
-7385683.40118
-7016384.27628
-9153194.74454
-5206917.17871
-9152094.53522
-9147105.4803
-8099896.66254
-9913595.41479
-5469178.57731
-9406489.57272
-7520605.80454
-9036352.23286
-4583021.53336
-6635474.93984
-8820346.07224
-9607426.82863
-8456141.67608
-10809493.6323
-6555922.61443
-8691685.16487
-6093852.66939
-7211483.44515
-7405047.53355
-5449716.18068
-7252685.42786
-7690596.99966
-6399480.185
-7812013.44515
-11172440.3192
-9766456.39743
-9850914.14981
-7037168.34589
-7325825.71424
-5675596.71892
-10229453.5069
-9902888.6499
-8410185.23044
-7227190.26797
-7179735.47537
-7792624.58967
-7218915.75993
-8985977.23424
-9403640.29615
-7398442.3675
-6719001.51707
-9726352.06789
-10833729.6041
-10416559.0462
-8541249.79664
-8247623.08724
-7498641.96088
-4123235.58499
-7948905.03479
-6775063.02998
-7973083.97042
-6504048.97076
-7274956.42727
-6991212.78322
-6768327.68266
-7429389.17964
-5952397.5878
-7171930.29651
-6965658.68729
-7189570.94089
-5961084.3968
-6331004.08008
-7215869.38687
-6222320.63427
-8256434.94198
-8120407.35147
-8834292.11059
-9438575.99126
-6504364.3997
-7803155.57965
-7391061.65237
-8855872.16276
-7501245.3851
-8913489.79422
-7432791.03109
-8412614.97223
-7108791.26774
-10362364.3058
-9553189.06336
-7966375.33019
-8768669.76957
-9704909.89696
-7546596.30287
-7671601.23186
-9718460.47913
-9433377.87595
-7998556.95374
-6813882.31378
-6357500.14947
-6506837.24157
-8738687.69286
-5597543.30124
-6708027.76443
-6931373.2551
-7121168.76983
-6865361.31021
-7371118.40669
-6434938.02176
-8797724.43026
-7048686.03855
-9110645.64991
-9451344.45069
-6734698.40787
-7242508.41197
-5929701.30745
-7690732.6174
-8371073.48213
-9224369.6733
-7118460.85226
-7374530.31874
-6641279.89555
-6296117.79548
-6954241.01537
-6886020.8747
-8344253.82781
-6437871.33759
-8406373.34812
-10695137.0385
-9810224.63171
-6196069.14725
-7372140.28954
-7540780.34253
-10223265.028
-9464459.30363
-10650111.612
-7477276.35841
-6490525.50241
-6800587.62667
-9795119.08544
-7474088.96513
-8545539.4831
-9984521.68099
-8766875.97334
-6918713.47589
-8222545.17042
-7319088.79911
-6251498.32062
-9896828.89947
-9778288.02526
-9089583.24463
-4676087.45842
-7167425.21199
-8492600.91772
-7445535.58845
-9004018.00971
-8653266.87507
-7794817.14798
-6927389.76971
-7754106.07185
-9668901.65141
-7702076.08344
-10141725.125
-6756244.82704
-6379619.79858
-7603156.73823
-7435811.88041
-7372527.84231
-7467593.89138
-7701235.85663
-9082174.47207
-7729563.18865
-6405062.78183
-8956817.18595
-7109412.63589
-7857782.19813
-8209209.16739
-5815542.57828
-8617907.89518
-8349431.82388
-8152566.73578
-7277147.73003
-8025583.06198
-7607548.11311
-9933699.95875
-7067136.71365
-10478151.1861
-6657238.12827
-9113494.7834
-7150151.22772
-7482376.42026
-6994057.94937
-9540833.42288
-7607227.84525
-7429851.63396
-6890948.1195
-9758070.5389
-7156857.00735
-9110776.13791
-6920276.45994
-6927771.47916
-8065455.07415
-7770685.94298
-9814658.10876
-7561434.38951
-8190205.10239
-7606622.49834
-7783335.98929
-5523262.52841
-7976203.57813
-7443370.16604
-7774710.1697
-8289462.69331
-7275773.54469
-6905049.01257
-7430344.99393
-7473341.37525
-5695284.67422
-9096577.27307
-4721698.18078
-7711675.58119
-9024175.84817
-7733776.13416
-8068735.71464
-7026463.16639
-9665196.75549
-9921536.98137
-7376885.6668
-7925644.69121
-9379209.70455
-7320432.02431
-7459711.67812
-10503923.603
-6599626.67484
-6981369.3907
-7241087.47716
-7185871.68544
-8423318.86649
-8954259.21624
-7595721.07961
-7601753.88062
-9592006.72352
-3960008.49476
-5669855.51217
-7580969.70558
-7553573.1595
-10884023.0117
-9838308.66274
-7280822.48363
-10123349.856
-10205064.0611
-8934144.35412
-7461128.41461
-7361806.13018
-4817750.03766
-6704238.99695
-4319574.55969
-4395360.00662
-5921688.37416
-7616399.19347
-7201897.19502
-10408498.7356
-7557526.1624
-7338201.89396
-8082340.11508
-10116981.0497
-8569197.74603
-7542323.39396
-10084033.4757
-7496413.00249
-6191138.97654
-7584083.1202
-5244324.0222
-7525036.40637
-7456094.08356
-9117501.73397
-7210383.22198
-7088138.54815
-7794410.59397
-9795202.74379
-7601902.70073
-4356189.58806
-7564759.75755
-8471685.33118
-7081181.22391
-7795409.13484
-9341983.71057
-9280689.60393
-8767614.40362
-7142011.39245
-5993516.96436
-10258657.7962
-3569504.48629
-5057366.71096
-8309540.15492
-7148448.55735
-6904312.10241
-3227460.34599
-9336268.13833
-9609931.61236
-6943055.68753
-6934645.2067
-9550131.97368
-9946067.35015
-9542738.26375
-7392672.86008
-8097226.72956
-9847583.26513
-6412798.73161
-7349244.696
-3482637.67655
-7573340.64671
-6973826.66297
-7813619.71551
-8928629.71971
-4211952.21997
-7622558.1419
-9251063.83799
-9671013.66305
-9586607.68418
-10388826.5165
-8222359.77931
-6870276.81643
-9072292.48049
-10362098.7815
-8833292.15238
-4103604.30933
-8718745.35657
-8517562.67078
-4379095.0272
-7037867.61111
-7629425.77277
-7056702.58147
-7157470.87606
-8420811.23476
-8646866.99498
-9388663.42121
-9216870.66673
-8394159.99526
-10302401.1991
-3385845.10204
-6430850.1523
-7737083.20575
-6975529.07263
-7721958.10775
-7528757.69533
-7633960.31697
-6888704.88813
-6926588.97339
-5731301.58374
-6720175.79816
-8235538.60637
-8890612.11246
-7524051.08217
-7508103.58533
-7789054.69157
-10043820.5913
-8980847.90601
-6825614.87444
-7828137.08102
-7432822.3493
-7075914.42825
-7115763.04953
-6890932.46534
-7226069.44012
-6959736.86913
-8629073.17042
-7127668.45795
-7931301.42851
-6835692.16242
-9231572.2141
-6509662.55548
-7667788.705
-7117366.51657
-8399593.92047
-7996044.21818
-6456135.48748
-10586845.4758
-6934408.81137
-6613537.00787
-7445660.63359
-8494880.64585
-6615700.31569
-8852716.8814
-9717976.4548
-7376378.32792
-9574158.87582
-7080792.39708
-7396558.37948
-7692441.7491
-10375061.7905
-10418943.6409
-9918893.57101
-7091180.43962
-6844973.87089
-7161242.17412
-9859676.47629
-7163659.42711
-7429097.63478
-6990473.39532
-4005647.43151
-4733714.04119
-7773112.50249
-8623900.0676
-9788000.05711
-8330865.08999
-3572230.98282
-7244080.10327
-9171555.91653
-7263908.90296
-7766896.2372
-7183043.13948
-6089769.1948
-9215540.04374
-7532776.61149
-8506039.94301
-9376165.82037
-5346254.89684
-7534580.14364
-6843409.8901
-5852966.42563
-7395949.51083
-7958866.94178
-7736567.78448
-8784555.56723
-6985023.88378
-8571923.90073
-7266186.84449
-10546073.5219
-4922024.34841
-8113247.75354
-8087848.78575
-5795392.94058
-9496757.47145
-4846640.08338
-8011484.41555
-6888087.15486
-8131373.56883
-8778772.74363
-9225101.30392
-8595689.88311
-6073730.66436
-10716252.2654
-7783109.6244
-7892739.5504
-7215785.46688
-6831852.14163
-7134528.60997
-9823823.48665
-6101301.33336
-6324253.18295
-7187718.66183
-5919983.49985
-9804098.30873
-6263227.28908
-5364536.82787
-7183845.28742
-4222931.57032
-7289640.72213
-8420043.15219
-9624498.40043
-7085764.24467
-6675771.65615
-7378741.67609
-7303755.18679
-7871683.84666
-6646829.15159
-10173551.4334
-7186092.66999
-6417148.15989
-5491375.20816
-10047126.9698
-7253436.48113
-7497130.41213
-9854037.01472
-7722284.44467
-8284760.05128
-8121347.9715
-4887992.34446
-9043596.02115
-9342971.5956
-6179554.34342
-9001520.41178
-9586530.8937
-6704823.97878
-9570954.12641
-8213742.54657
-7486636.6969
-10663715.9285
-9543266.65335
-9709625.99132
-9631662.94013
-8609031.84193
-7102006.10278
-8706385.17046
-5565770.59357
-9656157.59482
-7539055.67493
-8608654.99566
-6611512.72304
-8979113.20155
-8693063.38946
-9471079.38463
-7587523.22717
-7130301.13843
-7577244.10127
-7271213.35151
-7455419.98775
-6978867.13458
-7402801.73325
-10265776.9979
-9485328.35508
-8251805.97723
-6387064.67684
-4969657.32429
-9309973.98955
-7227928.92748
-5552404.68829
-6725146.27896
-6808955.92115
-8016729.78333
-10232123.2428
-7160142.95821
-5075336.5384
-6806014.25867
-9159297.43297
-6481910.44068
-6481851.35328
-7868060.11139
-10148531.7477
-6061978.79027
-7958313.23168
-7447395.31898
-10468673.2167
-5077922.69437
-7620605.70896
-7434922.00365
-7303175.03986
-8968209.86544
-6897953.82586
-5705518.56851
-7885063.65862
-9225011.28217
-7676400.27662
-9399421.1508
-7518301.49995
-10114012.173
-6190626.90922
-8222137.47218
-8159621.49186
-7134776.66576
-7540161.39998
-6544352.77273
-10616941.8579
-7533285.31842
-9526061.05203
-7422187.46026
-7616308.43419
-8280712.98005
-7110220.75734
-5796211.90286
-7442829.00166
-7002468.12301
-9720193.48685
-8134174.22872
-8031186.69117
-8092744.13146
-7999078.53056
-7287525.31581
-9726490.734
-7646034.7508
-7818346.36774
-7359267.98572
-7739616.1825
-5970194.38246
-6699379.54309
-7399057.82649
-8353906.8852
-7974419.33118
-7483806.51656
-7118026.08905
-7029099.83679
-10236487.1197
-7287824.66907
-7221448.72315
-7652570.7866
-7174578.28843
-7808465.9146
-8214318.05991
-6708208.99417
-7057829.90334
-7596055.72515
-9511029.69693
-7281887.92943
-7624369.54195
-7577410.21073
-10239926.9721
-7488500.15252
-7826303.46117
-7710058.34314
-5863057.41007
-7796038.02956
-6436093.71249
-7780626.44798
-8249597.72563
-9228961.85599
-8830246.5547
-7653625.27971
-6930393.72011
-7304850.34251
-10994302.8044
-7632474.61598
-7665670.66483
-7743851.80833
-10626567.4239
-7927056.51349
-6185397.90778
-7234009.22146
-7791779.55776
-9813003.37386
-9040777.47452
-7012310.85208
-7646046.88388
-5885697.68888
-7835880.5436
-7247065.89567
-7855470.68619
-9742948.83872
-7436026.64375
-7492880.52206
-8041962.45733
-7346899.76785
-9812943.37339
-6968764.61818
-5677005.5096
-9606148.41416
-9829108.32659
-7955052.55495
-7236317.43856
-7546279.65875
-7269115.9016
-9188817.9146
-7629747.15606
-6955116.1103
-10147585.2335
-7483868.03043
-8817015.82169
-8189174.97109
-10242821.8298
-8652297.72256
-7621633.6062
-7752765.47023
-7505864.94322
-7730557.4703
-7051947.72851
-9137205.89233
-6599334.38947
-8855499.4464
-7390565.74789
-7283673.32987
-5865145.35696
-7620128.99934
-6419833.65689
-7285708.15885
-4681353.65948
-10483857.4579
-7617276.94675
-9556006.29847
-9155863.00673
-6719137.8988
-4351606.25362
-9132030.80683
-8510436.38971
-9269168.72199
-7348812.74937
-7337305.53418
-9309595.73291
-8393110.7462
-6968558.40317
-7274697.63811
-10852010.5867
-7860267.98677
-7882388.57605
-7897266.51948
-9646162.61243
-10186638.0519
-7408872.06021
-7442777.68848
-7314365.85337
-6985081.30812
-5205965.56282
-7210676.65852
-7335565.42843
-8967481.04626
-7362773.60491
-8431942.28602
-10979878.1462
-7734088.98057
-9152846.51406
-7231496.35298
-7213941.65912
-7905604.81444
-7448100.60888
-7668040.75736
-7803313.54534
-7515291.87032
-8158608.17613
-7474457.30704
-7671087.58138
-7293530.73261
-10192443.224
-7485731.77145
-8411145.55526
-7253634.21363
-6085002.30696
-7089569.68247
-9358373.81012
-7557464.94484
-6247579.3482
-7554505.07383
-6804846.16983
-7513230.01866
-7492041.72272
-8480825.86713
-7829824.30868
-7084661.91256
-7834569.88086
-7753853.41573
-5133914.76852
-7642563.23649
-7336734.1592
-9000161.74128
-7430184.76938
-7399730.6966
-7644820.66091
-8013153.39588
-8957203.5746
-7599930.22623
-8370450.57018
-7783199.19614
-8144508.6814
-7094418.09061
-8178991.38354
-7367241.83426
-9783147.14068
-10274345.1994
-6518686.15722
-10558467.8617
-9164961.08742
-7901028.55705
-10689441.1162
-9899256.26921
-9103095.9167
-7569878.37942
-9876372.25832
-7593861.93321
-4479254.05112
-7757151.77839
-10238184.6964
-6924159.78323
-7313910.41656
-9223065.02037
-7134349.15499
-7346510.37306
-9232962.87109
-7321874.45172
-9921598.31052
-10112512.8119
-9783823.69516
-7175561.43337
-7985101.85047
-6596800.80356
-7724750.13775
-6682997.16037
-7477426.22823
-6713871.09232
-7475451.47077
-8843275.41556
-7644858.257
-8500395.17748
-7983692.80864
-7459215.84119
-4885262.08928
-8478394.2688
-7536819.21711
-9090945.10418
-7460930.65548
-9458464.52216
-7255060.65705
-7459358.09761
-8866622.51963
-7612036.06351
-9267352.80648
-7569615.45493
-7706795.56634
-8950122.51752
-6660815.42192
-8653775.40378
-10409897.9495
-7529137.45972
-10393809.9066
-8367962.68055
-6961475.71704
-8787327.82827
-7853858.20949
-8433490.19965
-7782897.63437
-6002763.94264
-5191136.74956
-7419590.14522
-8497251.81252
-6111153.92373
-7091152.96769
-5296112.73543
-7309768.31163
-6775758.08182
-6769908.61364
-10186903.2199
-7605183.23417
-7316419.56167
-6683337.71607
-7612255.94618
-7233311.67876
-7292566.40473
-6739087.07303
-8872744.78573
-8845515.85579
-9562092.95983
-7937776.29826
-8942980.60529
-6839128.00162
-10370594.52
-7248143.23638
-7139991.3927
-7831204.1815
-7080821.9834
-10751622.848
-7571167.43799
-10721941.5354
-10043415.1699
-8245189.42086
-10185010.851
-7618608.73498
-8600359.03142
-7653055.00212
-7307812.93775
-7536572.13421
-10266812.7852
-7516035.42854
-4913045.48489
-9649058.44158
-10026115.3872
-7076319.59294
-9277242.39168
-8036645.98712
-5825769.06788
-7424858.17506
-9886746.50516
-6781422.19816
-6940423.91612
-7057190.67992
-10326753.2881
-10599041.4064
-7373676.54765
-8896438.5489
-6867037.73452
-8013711.76614
-10385706.0857
-8103112.52204
-7192500.15478
-7759205.36437
-6869755.31778
-9078095.24358
-11135268.1918
-7039524.05928
-7226346.1124
-7492475.21241
-9101774.50892
-7053604.02097
-9883577.01939
-7671544.47622
-7946423.22322
-9069782.02195
-7775553.4124
-6914631.50771
-5711595.03842
-7226947.91142
-5811501.73333
-8254107.76798
-9146160.87019
-8256333.9003
-7664023.52916
-5505374.12604
-7130298.59923
-7556105.34441
-7035258.23342
-6256067.26094
-7703366.50472
-7833657.40842
-10256250.2734
-7404302.31811
-7343528.96873
-10195598.3699
-9478924.49405
-6994630.30095
-9461010.14812
-7815524.64585
-10338771.6305
-8269889.94577
-7687681.76361
-7515531.27514
-7914675.09038
-9596717.35665
-9692371.18204
-8725810.0848
-7294541.68245
-8154466.623
-8016004.86891
-7114997.98373
-7341710.94909
-8467751.26894
-7124805.84849
-9147332.40808
-5476035.33295
-7711521.53304
-7672682.25399
-6828645.60023
-8135447.55236
-8784895.44973
-8974853.10712
-6918047.91423
-7546640.70811
-6997241.85827
-7298237.24588
-8097942.56793
-7377701.69987
-10149686.6883
-7776979.31532
-7825456.93186
-8238801.61722
-7039547.26491
-8001812.45605
-7742950.6342
-8225534.80926
-8579899.35519
-9098670.88386
-7490177.65274
-10003946.4629
-8515436.5359
-7942250.23249
-7147396.89906
-7324395.64734
-8654967.39991
-7222114.86391
-9463018.87193
-8761818.92183
-7649893.84207
-6988921.5753
-7395701.35479
-9636531.94216
-8276258.64633
-8105982.07985
-6967148.69968
-7231670.50634
-8270226.66494
-7779125.89018
-7256485.10308
-7478852.71248
-7452352.11077
-8625863.61199
-7291535.21322
-7659959.96843
-7772726.89446
-8019334.73207
-7629104.41173
-7920770.22175
-7757654.8162
-7469334.8503
-7210742.50371
-9736861.60137
-7379114.88424
-7883525.05079
-8348212.04181
-8056657.54712
-8011477.88738
-7865887.06354
-7216179.71431
-8939515.53098
-7637950.75986
-6853304.68739
-7002498.54196
-7265663.58562
-7153315.74734
-8257475.28439
-7163989.84025
-10320739.1178
-7714927.22167
-7266363.70049
-7208116.86898
-8186237.56697
-8877271.80184
-7326900.33704
-5032132.2321
-7521657.96128
-9880216.2281
-10401835.555
-8542625.57336
-6817436.56125
-6920696.73181
-5412013.96623
-7370805.38419
-6113400.53203
-7463148.47892
-8857309.77904
-10110030.3047
-8715154.65133
-8747830.05777
-7337717.15884
-9371215.37676
-7450770.00898
-7893206.99888
-7669944.13538
-7535338.06005
-7059509.00054
-8009125.30338
-9082942.2105
-6848696.5829
-9954991.04639
-8157746.89829
-10210665.2574
-7662788.2836
-7238416.4893
-10302585.6452
-7839182.3092
-10117733.1915
-7808814.75909
-7982430.2826
-10543356.514
-8146911.10813
-7471135.34935
-7524326.22007
-10614429.6042
-7184963.69975
-7611135.34228
-7238475.00679
-9274382.78952
-7616977.47968
-10295178.3398
-7160047.40404
-7336705.52766
-7756559.8186
-10434716.7901
-7175047.15471
-8126798.48101
-8199580.27823
-7829639.05759
-10678217.0149
-10651409.5965
-8179138.3423
-7763429.07498
-9929970.06081
-8153970.335
-6869423.81298
-10808954.0104
-8022524.78045
-7958127.76652
-7571509.89078
-7146905.43054
-9486252.00187
-7191340.65694
-6223972.40955
-8452147.46358
-7721922.42404
-7819990.33481
-8671412.02157
-6020417.88662
-9036036.28375
-7695112.42042
-7192199.72902
-8480294.41741
-7592716.3734
-8069394.08038
-9435136.2649
-7763347.85435
-7381994.07026
-7073697.04088
-8177702.84982
-10080584.1491
-7114635.13182
-7586664.64316
-7408139.55974
-7102646.42462
-5422856.88321
-7303973.94402
-7402480.55154
-7021915.72565
-8369784.77757
-8538952.17991
-5069830.53404
-7124807.09976
-9889469.82657
-7560224.82723
-10056018.6483
-8884086.85204
-7684050.28732
-10421389.1234
-10194105.7027
-7754403.27814
-9654442.48388
-8696753.10188
-8269503.17488
-4934500.6591
-6971307.74124
-9221027.28175
-6781112.66426
-8141074.95884
-10267966.5536
-10445437.616
-10220207.3887
-7180063.0961
-9203495.99311
-7497013.06277
-6988188.19878
-6715244.67335
-8035851.18938
-9369735.19893
-7822247.47601
-5976815.76887
-7488145.98965
-7244587.54351
-6923088.82165
-6814088.91352
-5261728.06547
-6059614.8752
-9677270.37589
-7340078.5359
-7289876.82909
-4488930.95418
-6734683.29733
-8470730.47674
-5927760.54611
-6190035.00028
-7568159.16286
-7576907.81609
-7851412.3124
-7590334.34607
-7155527.04853
-6685278.70903
-7688607.6386
-9771581.17742
-10645512.9355
-6968552.77182
-7204525.11177
-8006212.29102
-10037270.3949
-6903620.30122
-10394104.8401
-8030501.78153
-6826263.22179
-7076275.96747
-8456727.83212
-7148049.29239
-6314234.03111
-10597077.8216
-8261045.63498
-6948433.05854
-9461339.41797
-10595292.084
-7487959.7398
-10118269.0967
-9016728.35802
-5597997.66729
-10031126.9806
-7331917.08096
-8835400.11381
-8675844.66872
-8723676.68942
-9426887.02476
-10273380.5407
-8728087.85314
-6420942.34463
-7639266.04118
-8749508.15934
-8295518.05437
-7593734.5828
-8212432.71405
-9378967.2857
-8524895.78982
-7313889.15311
-4858891.80384
-6832507.87286
-8465651.58391
-7173237.43073
-10489900.9616
-7102110.95943
-8694788.5846
-7222700.77491
-6155264.56022
-9881758.16451
-5337643.29281
-7918059.41202
-7102936.54459
-7683206.18221
-8329442.56497
-9456643.83503
-8332848.99975
-9238378.35961
-6696198.79092
-7658449.39368
-8250079.62803
-7043756.67796
-7291991.93034
-7606249.61244
-7961043.05872
-8195156.14127
-9458739.15247
-10574880.7531
-9664780.29223
-7457477.3475
-9741968.46368
-9626938.18146
-10059899.6545
-7647307.56906
-7101603.83138
-6613105.65804
-7771027.97312
-7473321.78507
-6280939.38072
-10156616.616
-10359037.9618
-6998606.77144
-7723580.16613
-7074142.69864
-7373011.35144
-7655853.55357
-7714824.76192
-9622170.70484
-7426888.57754
-6208823.50395
-6949906.82064
-8100446.28314
-7084480.30029
-7523288.21349
-7645893.767
-9301933.86877
-7654908.97671
-6545266.19694
-7486792.72687
-7410208.76119
-7578904.04995
-7065434.60446
-7472278.13466
-7629346.62113
-7499078.50301
-7004208.75107
-6938344.30731
-10412423.4395
-9448974.9427
-7690297.88362
-7502185.66823
-5643398.90277
-9502767.94546
-8831456.38942
-7369591.03651
-6949628.57464
-7384992.32422
-6917790.61018
-7340361.65435
-7641896.12397
-7465627.58294
-7877882.02395
-7765007.14259
-10363792.2232
-7410180.61629
-7654822.03938
-7242138.94414
-3603148.10959
-7480525.16106
-5757266.57705
-7757147.53305
-10514824.4686
-7057655.82799
-7352587.92233
-7412019.62114
-7678711.96959
-9284712.44803
-7280434.3642
-8430797.00187
-6546882.07696
-7067373.5932
-10200666.502
-7653395.39553
-8023478.25658
-4417073.56662
-7802980.33944
-9995246.80815
-9644367.51323
-4562381.67818
-7450274.45957
-6324433.39822
-8021854.98066
-9712923.41593
-2991656.85663
-11075856.2392
-10282185.3709
-9349525.07354
-7281613.49805
-7240094.63204
-10901136.542
-7632159.65441
-7699912.36033
-10646951.5998
-7832184.48778
-7030067.40411
-10346354.2632
-6847695.7971
-8915648.86826
-8164313.71077
-7087479.10832
-7358838.02929
-8681520.66058
-6876567.01097
-8964133.26564
-10206513.9746
-10624237.8625
-10916628.878
-8808620.67575
-6866512.53453
-8071054.86203
-9664363.00478
-7265057.15448
-10843569.1924
-10107451.5816
-7571642.56238
-7842923.87208
-6457641.70871
-9673871.49803
-9728042.75831
-7471419.43806
-8427371.63474
-7750067.10913
-7161898.84928
-8442400.01099
-7867833.26544
-9506967.01082
-7504763.16362
-6593357.20106
-7029393.40109
-8735643.1043
-6947349.61568
-10215497.7547
-10152858.8512
-7064583.23242
-7118123.14691
-10354518.6937
-7991519.10593
-9961414.80425
-10304471.2879
-8333454.05213
-6684391.46033
-5457813.68027
-5325990.30217
-7727816.8335
-6105492.73468
-6207621.84098
-10644590.8636
-6774638.38682
-7234651.45001
-2327869.59237
-3237630.37247
-7718868.35154
-4964748.91871
-4268292.00902
-5966334.66278
-10425069.7019
-4736388.03541
-5951192.01668
-5217928.87099
-7697110.0676
-7376236.39203
-9173716.94289
-7771518.48857
-6806459.94565
-8267486.35657
-5111794.44935
-8813593.86019
-6497784.62527
-9158588.95228
-4939137.6324
-5355429.01842
-4545882.59568
-4798058.53425
-9581671.50815
-9283982.66248
-4624887.21297
-9157187.22313
-4344462.13199
-5128861.4825
-4562473.57034
-4157792.93618
-4543713.35117
-6435611.13025
-8721129.34035
-3539496.39406
-5782693.62715
-4689048.91929
-8637509.28686
-4857694.8641
-7742019.3701
-4994213.18302
-9860405.09966
-5507206.15972
-4291327.19276
-5247418.96019
-4069677.64442
-9509828.08409
-10421371.9388
-7936316.4602
-3679427.6287
-6421899.69228
-4191289.93102
-5696437.99976
-6307008.66948
-9866136.84833
-8696114.91576
-8116872.03572
-6753693.00661
-5749911.44991
-10943215.534
-10543826.542
-4469197.77574
-5811546.72631
-1825861.66462
-4673735.13737
-9181016.28569
-9806180.74686
-10370815.6631
-10849505.536
-8697383.14216
-1619321.97448
-7701912.585
-8417083.17895
-6297009.43142
-7883632.38277
-7540612.52259
-6342451.38333
-7249219.63944
-11034210.9096
-6113060.28104
-7431491.14447
-4509646.1512
-8874439.30989
-9869051.60459
-11271407.9242
-7592372.58829
-4707060.01575
-7368325.08659
-6517261.80565
-9399153.23575
-6730933.33051
-7900279.27826
-5474924.57327
-8436105.2592
-6228664.30077
-8838082.13628
-7633238.87263
-10541347.6104
-10173363.8098
-6545483.11051
-7152292.5319
-6998173.70556
-7211870.06108
-9109062.72729
-3795918.6058
-7342856.25192
-6226838.63424
-7642246.1651
-6443012.10406
-1528220.53548
-8955745.20168
-6231265.20121
-11233088.2137
-7331649.65243
-2348746.2668
-6808561.66615
-5337531.15859
-10213708.2424
-4450380.83857
-1359384.78256
-7997443.7751
-7729814.92484
-8230694.92792
-3567217.5353
-11431039.9506
-2352667.33532
-1404220.87091
-6672874.36504
-4931795.59833
-4027702.67233
-1521476.59044
-7927988.68826
-9293460.18845
-4402222.47569
-9060881.13991
-4978478.48921
-4227662.8921
-8198754.44229
-6400585.23849
-4593802.38459
-5548414.22599
-5198539.29621
-7768517.4181
-5109444.64831
-9064526.6279
-5452684.41181
-6101550.64123
-3528228.2557
-7463277.1991
-9299985.08746
-5024572.41493
-5603395.85465
-4649199.5946
-4720490.08396
-5358415.05425
-9725537.8256
-5613470.16631
-9259495.83073
-8504462.12142
-6262077.8686
-4072266.69579
-4538289.94902
-9201296.36378
-3027024.82384
-5179437.18908
-9041219.96249
-8190098.52878
-3187445.28148
-2574345.78291
-5942291.00702
-3569276.0018
-8291121.66987
-6316845.82764
-7999020.76257
-11099767.9476
-5137551.69396
-4049379.74262
-8958137.89912
-6960190.88729
-3160714.99676
-7615738.06462
-7059819.91738
-1269550.88071
-2319405.54408
-5838910.71552
-7325760.17464
-3411436.40646
-3344569.93281
-6158380.49296
-4721975.08707
-3059013.24353
-6252927.67234
-5804599.95391
-6643762.08428
-7919735.40554
-8694352.11164
-4403043.26511
-5401452.86741
-9630807.4566
-4562619.7828
-5321570.42926
-6050883.67882
-3228415.95585
-8181387.91707
-2847974.38339
-6831634.56622
-5889058.02793
-6683369.97616
-9318241.82004
-6026812.31621
-8942615.09282
-2716291.85331
-4207484.04003
-5882791.73251
-5635020.89695
-7217208.89291
-5786186.76146
-6802772.25249
-9445787.71847
-9299089.27819
-10154240.1657
-3438725.27135
-7114073.33338
-7272602.4428
-7005923.24137
-8638011.05271
-7377784.37244
-10076044.1498
-10189456.6027
-3612419.98321
-3904046.60886
-10356490.9638
-8898834.34024
-3998892.34175
-3692891.24583
-7934535.16923
-8127992.56034
